0,310
0,305
0,308
0,307
0,302
0,304
0,303
0,12
0,10
0,8
0,0
0,561
0,513
0,300
0,470
0,299
0,469
0,298
0,468
0,297
0,545
0,512
0,296
0,559
0,466
0,295
0,558
0,465
0,294
0,511
0,467
0,293
0,464
0,463
0,292
0,510
0,462
0,291
0,461
0,460
0,290
0,459
0,458
0,289
0,457
0,456
0,288
0,455
0,454
0,287
0,560
0,509
0,286
0,453
0,285
0,556
0,452
0,284
0,555
0,451
0,283
0,557
0,508
0,282
0,554
0,450
0,281
0,553
0,449
0,280
0,507
0,448
0,279
0,552
0,506
0,278
0,544
0,505
0,277
0,543
0,504
0,276
0,503
0,447
0,275
0,551
0,445
0,274
0,502
0,444
0,273
0,542
0,446
0,272
0,443
0,442
0,271
0,501
0,441
0,270
0,440
0,439
0,269
0,438
0,437
0,268
0,436
0,435
0,267
0,434
0,433
0,266
0,541
0,500
0,265
0,535
0,419
0,264
0,534
0,432
0,263
0,431
0,418
0,262
0,417
0,379
0,261
0,416
0,378
0,260
0,415
0,377
0,259
0,499
0,376
0,258
0,414
0,375
0,257
0,430
0,374
0,256
0,429
0,373
0,255
0,428
0,413
0,254
0,412
0,372
0,253
0,498
0,371
0,252
0,411
0,370
0,251
0,427
0,369
0,250
0,533
0,426
0,249
0,532
0,410
0,248
0,550
0,368
0,247
0,531
0,367
0,246
0,409
0,366
0,245
0,425
0,364
0,244
0,424
0,363
0,242
0,423
0,365
0,241
0,497
0,407
0,240
0,540
0,362
0,239
2,0
2,2
2,4
2,5
3,0
3,1
4,0
4,3
13,0
13,2
13,3
16,1
16,2
17,0
17,2
17,3
18,0
18,1
18,3
18,5
19,0
19,2
19,3
20,1
20,2
20,4
21,1
21,2
57,0
57,1
57,3
85,1
85,2
86,0
86,1
86,3
87,0
87,1
87,3
87,4
95,0
95,1
95,3
95,5
98,0
98,2
98,3
98,5
99,1
99,2
103,0
103,1
103,3
104,0
104,2
105,0
105,1
105,3
105,4
111,3
111,4
111,5
111,2
111,1
111,0
105,2
104,3
104,1
103,2
99,3
99,0
98,4
98,1
95,4
95,2
87,5
87,2
86,4
86,2
85,3
85,0
57,2
21,3
21,0
20,3
20,0
19,1
18,4
18,2
17,4
17,1
16,3
16,0
13,1
4,1
3,3
2,6
2,3
2,1
1,3
1,1
1,0
0,494
0,408
0,384
0,322
0,243
0,9
0,406
0,361
0,238
0,496
0,360
0,237
0,495
0,359
0,236
0,493
0,358
0,235
0,530
0,357
0,234
0,529
0,356
0,233
0,528
0,405
0,232
0,404
0,355
0,231
0,549
0,354
0,230
0,403
0,353
0,229
0,492
0,352
0,228
0,563
0,524
0,227
0,491
0,402
0,226
0,401
0,351
0,225
0,523
0,350
0,224
0,400
0,349
0,223
0,538
0,348
0,222
0,539
0,522
0,221
0,527
0,399
0,220
0,521
0,347
0,219
0,520
0,346
0,218
0,537
0,345
0,217
0,526
0,344
0,216
0,519
0,398
0,215
0,397
0,343
0,214
0,490
0,342
0,213
0,396
0,341
0,212
0,488
0,340
0,211
0,525
0,487
0,210
0,489
0,395
0,209
0,486
0,339
0,208
0,485
0,338
0,207
0,394
0,337
0,206
0,548
0,336
0,205
0,393
0,335
0,204
0,484
0,334
0,203
0,483
0,392
0,202
0,391
0,333
0,201
0,547
0,332
0,200
0,546
0,390
0,199
0,536
0,331
0,198
0,518
0,330
0,197
0,389
0,329
0,196
0,328
0,327
0,195
0,482
0,326
0,194
0,517
0,481
0,193
0,516
0,388
0,192
0,515
0,325
0,63
0,480
0,324
0,62
0,514
0,323
0,61
0,562
0,321
0,60
0,387
0,383
0,59
0,386
0,320
0,58
0,382
0,319
0,57
0,385
0,318
0,56
0,420
0,317
0,55
0,422
0,381
0,54
0,421
0,380
0,53
0,478
0,316
0,52
0,477
0,315
0,51
0,479
0,314
0,50
0,476
0,313
0,49
0,475
0,312
0,48
0,474
0,311
0,47
0,473
0,309
0,46
0,472
0,306
0,45
0,471
0,301
0,6
0,5
0,1
0,11
0,4
0,2
0,3
0,7
